Message counter: 1
Message type:	GlonassEphemeris
message_number:	1020
satellite_id:	12
frequency_channel_number:	6
almanac_health:	0
almanac_health_availability:	0
p_1:	0
tk_h:	17
tk_m:	56
tk_s:	1
bn_msb:	0
p_2:	1
 tb:	6e+04
xn_dot:	6.81732177734375000000e-01
xn:	6.60460595703e+03
xn_dot_dot:	0.0000000000000000000000000e+00
yn_dot:	2.74372291564941406250e+00
yn:	-1.34200781250e+04
yn_dot_dot:	9.3132257461547851562500000e-10
zn_dot:	1.56645488739013671875e+00
zn:	2.06747099609e+04
zn_dot_dot:	-3.7252902984619140625000000e-09
p_3:	1
gamma_n:	0.0000000000000000000000000000e+00
p:	3
ln_third:	0
tau_n:	-2.4424865841865539550781250e-05
delta_tau_n:	6.5192580223083496093750000e-09
e_n:	0
p_4:	1
f_t:	1
n_t:	1115
m:	1
additional_data_flag:	1
n_a:	1114
t_c:	-5.5879354476928710937500000e-09
n_4:	7
tau_gps:	5.0291419029235839843750000e-08
ln_fifth:	0
reserved:	0


Message counter: 2
Message type:	GlonassEphemeris
message_number:	1020
satellite_id:	22
frequency_channel_number:	4
almanac_health:	0
almanac_health_availability:	0
p_1:	0
tk_h:	17
tk_m:	56
tk_s:	1
bn_msb:	0
p_2:	1
 tb:	6e+04
xn_dot:	6.07126235961914062500e-01
xn:	2.44520112305e+04
xn_dot_dot:	-1.8626451492309570312500000e-09
yn_dot:	1.63993835449218750000e-02
yn:	5.85529736328e+03
yn_dot_dot:	-1.8626451492309570312500000e-09
zn_dot:	3.51753902435302734375e+00
zn:	-4.21877832031e+03
zn_dot_dot:	0.0000000000000000000000000e+00
p_3:	1
gamma_n:	1.8189894035458564758300781250e-12
p:	3
ln_third:	0
tau_n:	-6.7307613790035247802734375e-05
delta_tau_n:	3.7252902984619140625000000e-09
e_n:	0
p_4:	0
f_t:	2
n_t:	1115
m:	1
additional_data_flag:	1
n_a:	1114
t_c:	-5.5879354476928710937500000e-09
n_4:	7
tau_gps:	5.0291419029235839843750000e-08
ln_fifth:	0
reserved:	0


Message counter: 3
Message type:	GlonassEphemeris
message_number:	1020
satellite_id:	2
frequency_channel_number:	3
almanac_health:	0
almanac_health_availability:	0
p_1:	0
tk_h:	17
tk_m:	56
tk_s:	1
bn_msb:	0
p_2:	1
 tb:	6e+04
xn_dot:	1.44910812377929687500e+00
xn:	8.10478271484e+03
xn_dot_dot:	0.0000000000000000000000000e+00
yn_dot:	-1.60379791259765625000e+00
yn:	-1.83154677734e+04
yn_dot_dot:	0.0000000000000000000000000e+00
zn_dot:	-2.61653804779052734375e+00
zn:	1.57957094727e+04
zn_dot_dot:	-3.7252902984619140625000000e-09
p_3:	1
gamma_n:	0.0000000000000000000000000000e+00
p:	3
ln_third:	0
tau_n:	2.3311004042625427246093750e-05
delta_tau_n:	5.5879354476928710937500000e-09
e_n:	0
p_4:	0
f_t:	2
n_t:	1115
m:	1
additional_data_flag:	1
n_a:	1115
t_c:	-5.1222741603851318359375000e-09
n_4:	7
tau_gps:	4.9360096454620361328125000e-08
ln_fifth:	0
reserved:	0


